memory_initialization_radix = 10;
memory_initialization_vector =
255	255	255	255	255	255	255	255	47	47	47	47	47	47	47	47	47	47	47	47	47	47	47	47	255	255	255	255	255	255	255	255
255	255	255	255	255	255	255	47	47	47	47	47	47	47	47	47	47	47	47	47	47	47	47	47	47	255	255	255	255	255	255	255
255	255	255	255	255	255	47	47	47	47	47	47	47	47	47	47	47	47	47	47	47	47	47	47	47	47	47	255	255	255	255	255
255	255	255	255	255	47	47	47	47	47	47	47	47	47	47	47	203	203	47	47	47	47	47	47	47	47	47	255	255	255	255	255
255	255	255	255	255	47	47	47	47	47	47	203	203	47	47	203	203	203	203	47	47	47	47	47	47	47	47	255	255	255	255	255
255	255	255	255	255	47	47	47	47	47	47	203	203	203	203	203	203	203	203	203	203	203	203	47	47	47	47	47	255	255	255	255
255	255	255	255	255	255	47	47	47	47	203	203	203	203	203	203	203	203	203	203	203	203	203	47	47	47	47	47	255	255	255	255
255	255	255	255	255	255	47	47	47	47	203	37	203	203	203	203	203	37	203	203	203	203	203	47	203	203	47	47	255	255	255	255
255	255	255	255	255	255	47	47	47	47	203	37	203	203	203	203	203	37	203	203	203	203	203	47	203	203	47	47	255	255	255	255
255	255	255	255	255	255	47	47	47	47	203	203	203	203	203	203	203	203	203	203	203	203	203	47	203	203	47	47	255	255	255	255
255	255	255	255	255	255	255	255	47	47	203	203	203	203	203	203	203	203	203	203	203	203	203	37	203	47	47	47	176	255	255	255
255	255	255	255	255	255	255	255	47	47	203	203	37	37	37	37	203	203	203	203	203	203	37	37	47	47	47	47	176	255	255	255
255	255	255	255	255	255	255	255	47	47	203	37	203	203	203	203	37	203	203	203	203	37	37	37	47	47	47	176	176	255	255	255
255	255	255	255	255	255	255	255	255	47	37	37	203	203	203	203	203	37	37	37	37	37	37	37	47	47	47	176	176	255	255	255
255	255	255	255	255	255	255	255	255	255	37	37	37	37	37	37	37	37	37	37	37	37	37	37	47	176	176	176	176	255	255	255
255	255	255	255	255	255	255	255	255	255	37	37	37	37	37	37	37	37	37	37	37	37	47	47	176	176	176	176	176	255	255	255
255	255	255	255	255	255	255	255	255	255	255	37	37	37	37	37	37	37	108	108	108	108	47	176	176	176	176	176	176	255	255	255
255	255	255	255	255	255	255	255	255	255	108	108	108	108	108	108	108	108	108	108	108	108	108	176	176	176	176	176	176	255	255	255
255	255	255	255	255	255	255	255	255	255	108	108	108	108	108	108	108	108	108	108	108	108	108	108	176	176	176	176	176	255	255	255
255	255	255	255	255	255	255	255	255	108	108	108	108	108	108	108	108	108	108	108	108	108	108	108	176	176	176	176	176	255	255	255
255	255	255	255	255	255	255	255	108	108	108	108	108	108	108	108	108	108	108	108	108	108	108	108	176	176	176	176	176	255	255	255
255	255	255	255	255	255	255	255	108	108	108	108	108	108	108	108	108	108	108	108	108	108	108	108	176	176	176	176	176	255	255	255
255	255	255	255	255	255	255	255	108	108	108	108	108	108	108	108	108	108	108	108	108	108	108	108	176	176	176	176	176	255	255	255
255	255	255	255	255	255	255	108	108	108	108	255	108	108	108	108	108	108	108	108	108	108	108	108	176	176	176	176	176	255	255	255
255	255	255	255	255	255	195	195	108	108	255	255	76	76	76	76	76	76	76	76	76	108	108	108	176	176	176	176	176	255	255	255
255	255	255	255	255	255	203	195	195	195	255	255	72	72	72	72	72	72	72	72	76	108	108	108	176	176	176	176	255	255	255	255
255	255	255	255	255	255	255	203	203	255	255	255	72	72	72	72	72	72	72	72	76	195	195	195	176	176	176	255	255	255	255	255
255	255	255	255	255	255	255	255	255	255	255	255	72	72	72	72	255	72	72	72	72	72	176	176	176	255	255	255	255	255	255	255
255	255	255	255	255	255	255	255	255	255	255	255	72	72	72	72	255	72	72	72	72	72	255	255	255	255	255	255	255	255	255	255
255	255	255	255	255	255	255	255	255	255	255	72	72	72	72	72	255	72	72	72	72	72	255	255	255	255	255	255	255	255	255	255
255	255	255	255	255	255	255	255	255	255	37	37	37	37	37	37	255	37	37	37	37	72	255	255	255	255	255	255	255	255	255	255
255	255	255	255	255	255	255	255	255	255	37	37	37	37	37	37	255	37	37	37	37	37	255	255	255	255	255	255	255	255	255	255
255	255	255	255	255	255	255	47	47	47	47	47	47	47	47	47	47	47	47	47	47	47	47	255	255	255	255	255	255	255	255	255
255	255	255	255	255	255	47	47	47	47	47	47	47	47	47	47	47	47	47	47	47	47	47	47	255	255	255	255	255	255	255	255
255	255	255	255	255	47	47	47	47	47	47	47	47	47	47	47	47	47	47	47	47	47	47	47	47	47	255	255	255	255	255	255
255	255	255	255	47	47	47	47	47	47	47	47	47	47	47	47	47	47	47	47	47	47	47	47	47	47	255	255	255	255	255	255
255	255	255	255	47	47	47	47	47	47	47	47	47	47	47	47	47	47	47	47	47	47	47	47	47	47	255	255	255	255	255	255
255	255	255	255	47	47	47	47	47	47	47	47	47	47	47	47	47	47	47	47	47	47	47	47	47	47	47	255	255	255	255	255
255	255	255	255	255	47	47	47	47	47	47	47	47	47	47	47	47	47	47	47	47	47	47	47	47	47	47	255	255	255	255	255
255	255	255	255	255	47	47	47	47	47	47	47	47	176	176	176	176	176	176	176	47	47	47	47	47	47	47	255	255	255	255	255
255	255	255	255	255	47	47	47	47	47	176	176	176	176	113	113	113	113	113	176	176	176	176	47	47	47	47	255	255	255	255	255
255	255	255	255	255	47	47	47	47	176	176	113	113	113	164	164	164	164	164	113	113	113	176	176	47	47	47	255	255	255	255	255
255	255	255	255	255	47	47	47	47	176	164	164	164	164	164	164	164	164	164	164	164	164	164	176	47	47	47	255	255	255	255	255
255	255	255	255	255	47	47	47	47	176	176	164	164	164	164	164	164	164	164	164	164	164	176	176	47	47	47	255	255	255	255	255
255	255	255	255	255	255	47	47	47	176	176	176	176	176	164	164	164	164	164	176	176	176	176	176	47	47	255	255	255	255	255	255
255	255	255	255	255	255	47	47	47	176	176	176	176	176	176	176	176	176	176	176	176	176	176	176	47	47	255	255	255	255	255	255
255	255	255	255	255	255	255	255	47	176	176	176	176	176	176	176	176	176	176	176	176	176	176	176	255	255	255	255	255	255	255	255
255	255	255	255	255	255	255	255	255	176	176	176	176	176	176	176	176	176	176	176	176	176	176	176	255	255	255	255	255	255	255	255
255	255	255	255	255	255	255	255	255	176	176	176	176	176	176	176	176	176	176	176	176	176	176	176	255	255	255	255	255	255	255	255
255	255	255	255	255	255	255	255	255	176	176	176	176	176	176	176	176	176	176	176	176	176	176	176	255	255	255	255	255	255	255	255
255	255	255	255	255	255	255	255	255	176	176	176	176	176	176	176	176	176	176	176	176	176	176	176	255	255	255	255	255	255	255	255
255	255	255	255	255	255	255	255	255	176	176	176	176	176	176	176	176	176	176	176	176	176	113	176	255	255	255	255	255	255	255	255
255	255	255	255	255	255	255	255	255	176	176	176	176	176	176	176	176	176	176	176	176	113	113	176	255	255	255	255	255	255	255	255
255	255	255	255	255	255	255	255	255	176	176	176	176	176	176	176	176	176	176	176	113	113	113	176	255	255	255	255	255	255	255	255
255	255	255	255	255	255	255	255	255	176	176	176	176	176	176	176	176	176	176	113	113	113	113	176	255	255	255	255	255	255	255	255
255	255	255	255	255	255	255	255	255	176	176	176	176	176	176	176	176	176	113	113	113	113	176	176	255	255	255	255	255	255	255	255
255	255	255	255	255	255	255	255	255	108	176	176	176	176	176	176	113	113	113	113	113	176	176	255	255	255	255	255	255	255	255	255
255	255	255	255	255	255	255	255	255	108	108	176	176	176	176	113	113	113	113	176	176	176	108	255	255	255	255	255	255	255	255	255
255	255	255	255	255	255	255	255	255	195	195	72	76	176	176	176	176	176	176	176	72	195	195	255	255	255	255	255	255	255	255	255
255	255	255	255	255	255	255	255	255	255	255	255	72	72	72	72	255	72	72	72	72	255	255	255	255	255	255	255	255	255	255	255
255	255	255	255	255	255	255	255	255	255	255	255	72	72	72	72	255	72	72	72	72	255	255	255	255	255	255	255	255	255	255	255
255	255	255	255	255	255	255	255	255	255	255	255	72	72	72	72	255	72	72	72	72	72	255	255	255	255	255	255	255	255	255	255
255	255	255	255	255	255	255	255	255	255	255	72	72	72	72	72	255	72	72	72	72	37	37	255	255	255	255	255	255	255	255	255
255	255	255	255	255	255	255	255	255	255	255	37	37	37	37	37	255	37	37	37	37	37	37	255	255	255	255	255	255	255	255	255
255	255	255	255	255	255	255	255	47	47	47	47	47	47	47	47	47	47	47	47	47	47	47	47	255	255	255	255	255	255	255	255
255	255	255	255	255	255	255	47	47	47	47	47	47	47	47	47	47	47	47	47	47	47	47	47	47	255	255	255	255	255	255	255
255	255	255	255	255	47	47	47	47	47	47	47	47	47	47	47	47	47	47	47	47	47	47	47	47	47	255	255	255	255	255	255
255	255	255	255	255	47	47	47	47	47	47	47	47	47	203	203	47	47	47	47	47	47	47	47	47	47	47	255	255	255	255	255
255	255	255	255	255	47	47	47	47	47	47	47	47	203	203	203	203	47	47	203	203	47	47	47	47	47	47	255	255	255	255	255
255	255	255	255	47	47	47	47	47	203	203	203	203	203	203	203	203	203	203	203	203	47	47	47	47	47	47	255	255	255	255	255
255	255	255	255	47	47	47	47	47	203	203	203	203	203	203	203	203	203	203	203	203	47	47	47	47	47	255	255	255	255	255	255
255	255	255	255	47	47	47	175	47	203	203	203	37	203	203	203	203	203	37	203	203	175	47	47	47	47	255	255	255	255	255	255
255	255	255	255	47	47	47	175	47	203	203	203	37	203	203	203	203	203	37	203	203	175	47	47	47	47	255	255	255	255	255	255
255	255	255	255	47	47	47	175	47	203	203	203	203	203	203	203	203	203	203	203	203	175	47	47	47	47	255	255	255	255	255	255
255	255	255	255	47	47	47	175	37	203	203	203	203	203	203	203	203	203	203	203	203	175	47	47	47	47	255	255	255	255	255	255
255	255	255	255	47	47	47	47	37	203	203	203	203	203	37	37	37	37	203	203	203	47	47	47	47	47	255	255	255	255	255	255
255	255	255	255	255	47	47	47	47	37	203	203	203	37	203	203	203	203	55	203	203	47	47	47	47	255	255	255	255	255	255	255
255	255	255	255	255	47	47	47	47	37	37	37	37	203	203	203	203	203	203	37	37	47	47	47	47	255	255	255	255	255	255	255
255	255	255	255	255	255	255	47	47	47	37	37	37	37	37	37	37	37	37	37	37	47	47	255	255	255	255	255	255	255	255	255
255	255	255	255	255	255	255	176	47	47	37	37	37	37	37	37	37	37	37	37	37	47	255	255	255	255	255	255	255	255	255	255
255	255	255	255	255	255	255	176	176	47	37	108	108	37	37	37	37	37	37	37	47	176	255	255	255	255	255	255	255	255	255	255
255	255	255	255	255	255	255	176	176	108	108	108	108	108	108	108	108	108	108	108	108	176	255	255	255	255	255	255	255	255	255	255
255	255	255	255	255	255	255	176	108	108	108	108	108	108	108	108	108	108	108	108	108	108	255	255	255	255	255	255	255	255	255	255
255	255	255	255	255	255	255	176	108	108	108	108	108	108	108	108	108	108	108	108	108	108	255	255	255	255	255	255	255	255	255	255
255	255	255	255	255	255	255	176	108	108	108	108	108	108	108	108	108	108	108	108	108	108	255	255	255	255	255	255	255	255	255	255
255	255	255	255	255	255	255	176	108	108	108	108	108	108	108	108	108	108	108	108	108	108	255	255	255	255	255	255	255	255	255	255
255	255	255	255	255	255	255	176	108	108	108	108	108	108	108	108	108	108	108	108	108	108	255	255	255	255	255	255	255	255	255	255
255	255	255	255	255	255	255	176	108	108	108	108	108	108	108	108	108	108	108	108	108	108	255	255	255	255	255	255	255	255	255	255
255	255	255	255	255	255	255	176	108	108	108	76	76	76	76	76	76	76	76	108	108	108	255	255	255	255	255	255	255	255	255	255
255	255	255	255	255	255	255	176	108	108	108	76	72	72	72	72	72	72	72	108	108	108	255	255	255	255	255	255	255	255	255	255
255	255	255	255	255	255	255	255	195	195	195	76	72	72	72	72	72	72	72	195	195	195	255	255	255	255	255	255	255	255	255	255
255	255	255	255	255	255	255	255	255	176	176	72	72	72	72	176	72	72	72	72	255	255	255	255	255	255	255	255	255	255	255	255
255	255	255	255	255	255	255	255	255	255	255	72	72	72	72	176	72	72	72	72	255	255	255	255	255	255	255	255	255	255	255	255
255	255	255	255	255	255	255	255	255	255	255	72	72	72	72	255	72	72	72	72	72	255	255	255	255	255	255	255	255	255	255	255
255	255	255	255	255	255	255	255	255	255	72	72	72	72	72	255	72	72	72	72	37	37	255	255	255	255	255	255	255	255	255	255
255	255	255	255	255	255	255	255	255	255	37	37	37	37	37	255	37	37	37	37	37	37	255	255	255	255	255	255	255	255	255	255
255	255	255	255	255	255	255	255	255	255	255	255	255	255	255	255	255	255	255	255	255	255	255	255	255	255	255	255	255	255	255	255
255	255	255	255	255	255	255	255	255	255	255	255	255	255	255	255	255	255	255	255	255	255	255	255	255	255	255	255	255	255	255	255
255	255	255	255	255	255	255	255	255	255	255	255	255	255	255	255	255	255	255	255	255	255	255	255	255	255	255	255	255	255	255	255
255	255	255	255	255	255	255	255	255	255	255	255	255	255	255	255	255	255	255	255	255	255	255	255	255	255	255	255	255	255	255	255
255	255	255	255	255	255	255	255	255	255	255	255	255	255	255	255	255	255	255	255	255	255	255	255	255	255	255	255	255	255	255	255
255	255	255	255	255	255	255	255	255	255	255	255	255	255	255	255	255	255	255	255	255	255	255	255	255	255	255	255	255	255	255	255
255	255	255	255	255	255	255	255	255	255	255	255	255	255	255	255	255	255	255	255	255	255	255	255	255	255	255	255	255	255	255	255
255	255	255	255	255	255	255	255	255	255	255	255	255	255	255	255	255	255	255	255	255	255	255	255	255	255	255	255	255	255	255	255
255	255	255	255	255	255	255	255	255	255	255	255	255	255	255	255	255	255	255	255	255	255	255	255	255	255	255	255	255	255	255	255
255	255	255	255	255	255	255	255	255	255	255	255	255	255	255	255	255	255	255	255	255	255	255	255	255	255	255	255	255	255	255	255
255	255	255	255	255	255	255	255	255	255	255	255	255	255	255	255	255	255	255	255	255	255	255	255	255	255	255	255	255	255	255	255
255	255	255	255	255	255	255	255	255	255	255	255	255	255	255	255	255	255	255	255	255	255	255	255	255	255	255	255	255	255	255	255
255	255	255	255	255	255	255	255	255	255	255	255	255	255	255	255	255	255	255	255	255	255	255	255	255	255	255	255	255	255	255	255
255	255	255	255	255	255	255	255	255	255	255	255	255	255	255	255	255	255	255	255	255	255	255	255	255	255	255	255	255	255	255	255
255	255	255	255	255	133	255	255	255	255	255	255	133	255	255	255	255	255	255	255	255	255	255	255	255	255	255	255	255	255	255	255
255	255	255	255	255	133	133	255	255	255	255	133	133	255	255	255	255	255	255	255	255	255	255	255	255	255	255	255	255	255	255	255
255	255	255	255	133	133	133	133	255	255	133	133	133	255	255	255	255	255	255	255	255	255	255	255	255	255	133	255	255	255	255	255
255	255	255	255	133	133	133	133	133	133	133	133	133	255	255	255	255	255	255	255	255	255	255	133	133	133	133	255	255	255	255	255
255	255	255	255	133	0	133	133	133	0	133	133	133	255	255	255	255	255	255	255	255	255	255	133	255	255	255	255	255	255	255	255
255	255	255	255	133	0	133	133	133	0	133	133	133	255	255	255	255	255	255	133	133	133	133	133	255	255	255	255	255	255	255	255
255	255	255	255	133	133	133	0	133	133	133	133	133	133	133	133	133	133	133	133	255	255	255	255	255	255	255	255	255	255	255	255
255	255	255	255	255	133	133	183	133	133	133	133	96	133	133	133	133	133	133	133	255	255	255	255	255	255	255	255	255	255	255	255
255	255	255	255	255	255	133	133	133	133	133	96	133	133	133	133	133	133	133	133	255	255	255	255	255	255	255	255	255	255	255	255
255	255	255	255	255	255	255	255	255	255	96	133	133	133	133	133	133	133	133	133	255	255	255	255	255	255	255	255	255	255	255	255
255	255	255	255	255	255	255	255	255	255	96	133	133	133	133	96	96	133	133	133	255	255	255	255	255	255	255	255	255	255	255	255
255	255	255	255	255	255	255	255	255	255	133	133	133	96	255	255	96	133	133	133	133	255	255	255	255	255	255	255	255	255	255	255
255	255	255	255	255	255	255	255	255	133	133	255	96	96	255	255	96	96	255	133	133	133	255	255	255	255	255	255	255	255	255	255
255	255	255	255	255	255	255	255	133	133	255	255	255	96	255	255	255	96	255	255	133	133	133	255	255	255	255	255	255	255	255	255
255	255	255	255	255	255	255	255	133	255	255	255	255	96	255	255	255	96	255	255	255	255	133	255	255	255	255	255	255	255	255	255
255	255	255	255	255	255	255	255	255	255	255	255	255	96	255	255	96	255	255	255	255	133	133	255	255	255	255	255	255	255	255	255
255	255	255	255	255	255	255	255	255	255	255	255	255	255	255	255	255	255	255	255	255	255	255	255	255	255	255	255	255	255	255	255
255	255	255	255	255	255	255	255	255	255	255	255	255	255	255	255	255	255	255	255	255	255	255	255	255	255	255	255	255	255	255	255
255	255	255	255	255	255	255	255	255	255	255	255	255	255	255	255	255	255	255	255	255	255	255	255	255	255	255	255	255	255	255	255
255	255	255	255	255	255	255	255	255	255	255	255	255	255	255	255	255	255	255	255	255	255	255	255	255	255	255	255	255	255	255	255
255	255	255	255	255	255	255	255	255	255	255	255	255	255	255	255	255	255	255	255	255	255	255	255	255	255	255	255	255	255	255	255
255	255	255	255	255	255	255	255	255	255	255	255	255	255	255	255	255	255	255	255	255	255	255	255	255	255	255	255	255	255	255	255
255	255	255	255	255	255	255	255	255	255	255	255	255	255	255	255	255	255	255	255	255	255	255	255	255	255	255	255	255	255	255	255
255	255	255	255	255	255	255	255	255	255	255	255	255	255	255	255	255	255	255	255	255	255	255	255	255	255	255	255	255	255	255	255
255	255	255	255	255	255	255	255	255	255	255	255	255	255	255	255	255	255	255	255	255	255	255	255	255	255	255	255	255	255	255	255
255	255	255	255	255	255	255	255	255	255	255	255	255	255	255	255	255	255	255	255	255	255	255	255	255	255	255	255	255	255	255	255
255	255	255	255	255	255	255	255	255	255	255	255	255	255	255	255	255	255	255	255	255	255	255	255	255	255	255	255	255	255	255	255
255	255	255	255	255	255	255	255	255	255	255	255	255	255	255	255	255	255	255	255	255	255	255	255	255	255	255	255	255	255	255	255
255	255	255	255	255	255	255	255	255	255	255	255	255	255	255	255	255	255	255	255	255	255	255	255	255	255	255	255	255	255	255	255
255	255	255	255	255	255	255	255	255	255	255	255	255	255	255	255	255	255	255	255	255	255	255	255	255	255	255	255	255	255	255	255
255	255	255	255	255	255	255	255	255	255	255	255	255	255	255	255	255	255	255	255	255	255	255	255	255	255	255	255	255	255	255	255
255	255	255	255	255	255	255	255	255	255	255	255	96	255	255	255	255	255	255	96	255	255	255	255	255	255	255	255	255	255	255	255
255	255	255	255	255	255	255	255	255	255	255	255	96	96	255	255	255	255	96	96	255	255	255	255	255	255	255	255	255	255	255	255
255	255	255	255	255	255	255	255	255	255	255	255	96	96	96	255	255	96	96	96	255	255	255	255	255	255	255	255	255	255	255	255
255	255	255	255	255	255	255	255	255	255	255	255	96	96	96	96	96	96	96	96	133	133	255	255	255	255	255	255	255	255	255	255
255	255	255	255	255	255	255	255	255	255	255	255	96	96	96	96	96	96	96	96	133	255	255	255	255	255	255	255	255	255	255	255
255	255	255	255	255	255	255	255	255	255	255	255	96	96	96	96	96	96	96	133	133	255	255	255	255	255	255	255	255	255	255	255
255	255	255	255	255	255	255	255	255	255	255	255	255	96	96	96	96	133	133	133	255	255	255	255	255	255	255	255	255	255	255	255
255	255	255	255	255	255	255	255	255	255	255	255	255	255	133	133	133	133	133	255	255	255	255	255	255	255	255	255	255	255	255	255
255	255	255	255	255	255	255	255	255	255	255	255	255	133	133	133	133	133	133	133	255	255	255	255	255	255	255	255	255	255	255	255
255	255	255	255	255	255	255	255	255	255	255	255	255	133	133	133	133	133	133	133	255	255	255	255	255	255	255	255	255	255	255	255
255	255	255	255	255	255	255	255	255	255	255	255	255	133	133	133	133	133	133	133	255	255	255	255	255	255	255	255	255	255	255	255
255	255	255	255	255	255	255	255	255	255	255	255	255	133	133	96	96	96	133	133	255	255	255	255	255	255	255	255	255	255	255	255
255	255	255	255	255	255	255	255	255	255	255	255	255	133	133	96	255	96	133	133	255	255	255	255	255	255	255	255	255	255	255	255
255	255	255	255	255	255	255	255	255	255	255	255	255	255	133	96	255	96	133	255	255	255	255	255	255	255	255	255	255	255	255	255
255	255	255	255	255	255	255	255	255	255	255	255	255	255	133	96	255	96	133	255	255	255	255	255	255	255	255	255	255	255	255	255
255	255	255	255	255	255	255	255	255	255	255	255	255	255	133	255	255	255	133	255	255	255	255	255	255	255	255	255	255	255	255	255
255	255	255	255	255	255	255	255	255	255	255	255	255	133	133	255	255	255	133	133	255	255	255	255	255	255	255	255	255	255	255	255
255	255	255	255	255	255	255	255	255	255	255	255	255	255	255	255	255	255	255	255	255	255	255	255	255	255	255	255	255	255	255	255
255	255	255	255	255	255	255	255	255	255	255	255	255	255	255	255	255	255	255	255	255	255	255	255	255	255	255	255	255	255	255	255
255	255	255	255	255	255	255	255	255	255	255	255	255	255	255	255	255	255	255	255	255	255	255	255	255	255	255	255	255	255	255	255
255	255	255	255	255	255	255	255	255	255	255	255	255	255	255	255	255	255	255	255	255	255	255	255	255	255	255	255	255	255	255	255
255	255	255	255	255	255	255	255	255	255	255	255	255	255	255	255	255	255	255	255	255	255	255	255	255	255	255	255	255	255	255	255
255	255	255	255	255	255	255	255	255	255	255	255	255	255	255	255	255	255	255	255	255	255	255	255	255	255	255	255	255	255	255	255
255	255	255	255	255	255	255	255	255	255	255	255	255	255	255	255	255	255	255	255	255	255	255	255	255	255	255	255	255	255	255	255
255	255	255	255	255	255	255	255	255	255	255	255	255	255	255	255	255	255	255	255	255	255	255	255	255	255	255	255	255	255	255	255
255	255	255	255	255	255	255	255	255	255	255	255	255	255	255	255	255	255	255	255	255	255	255	255	255	255	255	255	255	255	255	255
255	255	255	255	255	255	255	255	255	255	255	255	255	255	255	255	255	255	255	255	255	255	255	255	255	255	255	255	255	255	255	255
255	255	255	255	255	255	255	255	255	255	255	255	255	255	255	255	255	255	255	255	255	255	255	255	255	255	255	255	255	255	255	255
255	255	255	255	255	255	255	255	255	255	255	255	255	255	255	255	255	255	255	255	255	255	255	255	255	255	255	255	255	255	255	255
255	255	255	255	255	255	255	255	255	255	255	255	255	255	255	255	255	255	255	255	255	255	255	255	255	255	255	255	255	255	255	255
255	255	255	255	255	255	255	255	255	255	255	255	255	255	255	255	255	255	255	255	255	255	255	255	255	255	255	255	255	255	255	255
255	255	255	255	255	255	255	255	255	255	255	255	255	255	255	255	255	255	255	255	255	255	255	255	255	255	255	255	255	255	255	255
255	255	255	255	255	255	255	255	255	255	255	255	133	255	255	255	255	255	255	255	133	255	255	255	255	255	255	255	255	255	255	255
255	255	255	255	255	255	255	255	255	255	255	255	133	133	255	255	255	255	255	133	133	255	111	96	255	255	255	255	255	255	255	255
255	255	255	255	255	255	255	255	255	255	255	255	133	133	133	255	255	255	133	133	133	255	106	255	255	255	255	255	255	255	255	255
255	255	255	255	255	255	255	255	255	255	255	255	133	133	133	133	133	133	133	133	133	96	96	255	255	255	255	255	255	255	255	255
255	255	255	255	255	255	255	255	255	255	255	255	133	133	0	133	133	133	0	133	133	96	255	255	255	255	255	255	255	255	255	255
255	255	255	255	255	255	255	255	255	255	255	255	133	133	0	133	133	133	0	133	133	255	255	255	255	255	255	255	255	255	255	255
255	255	255	255	255	255	255	255	255	255	255	255	133	133	133	133	0	133	133	133	133	247	255	255	255	255	255	255	255	255	255	255
255	255	255	255	255	255	255	255	255	255	255	255	255	133	133	133	183	133	133	133	255	247	255	255	255	255	255	255	255	255	255	255
255	255	255	255	255	255	255	255	255	255	255	255	255	96	133	133	133	133	131	96	255	255	255	255	255	255	255	255	255	255	255	255
255	255	255	255	255	255	255	255	255	255	255	255	255	133	96	96	96	96	96	133	255	255	255	255	255	255	255	255	255	255	255	255
255	255	255	255	255	255	255	255	255	255	255	255	255	133	133	133	133	133	133	133	255	255	255	255	255	255	255	255	255	255	255	255
255	255	255	255	255	255	255	255	255	255	255	255	255	133	133	133	133	133	133	133	255	255	255	255	255	255	255	255	255	255	255	255
255	255	255	255	255	255	255	255	255	255	255	255	255	133	133	96	255	96	133	133	255	255	255	255	255	255	255	255	255	255	255	255
255	255	255	255	255	255	255	255	255	255	255	255	255	255	133	96	255	96	133	255	255	255	255	255	255	255	255	255	255	255	255	255
255	255	255	255	255	255	255	255	255	255	255	255	255	255	133	96	255	96	133	255	255	255	255	255	255	255	255	255	255	255	255	255
255	255	255	255	255	255	255	255	255	255	255	255	255	255	133	255	255	255	133	255	255	255	255	255	255	255	255	255	255	255	255	255
255	255	255	255	255	255	255	255	255	255	255	255	255	133	133	255	255	255	133	133	255	255	255	255	255	255	255	255	255	255	255	255
255	255	255	255	255	255	255	255	255	255	255	255	255	255	255	255	255	255	255	255	255	255	255	255	255	255	255	255	255	255	255	255
255	255	255	255	255	255	255	255	255	255	255	255	255	255	255	255	255	255	255	255	255	255	255	255	255	255	255	255	255	255	255	255
255	255	255	255	255	255	255	255	255	255	255	255	255	255	255	255	255	255	255	255	255	255	255	255	255	255	255	255	255	255	255	255
255	255	255	255	255	255	255	255	255	255	255	255	255	255	255	255	255	255	255	255	255	255	255	255	255	255	255	255	255	255	255	255
255	255	255	255	255	255	255	255	255	255	255	255	255	255	255	255	255	255	255	255	255	255	255	255	255	255	255	255	255	255	255	255
255	255	255	255	255	255	255	255	255	255	255	255	255	255	255	255	255	255	255	255	255	255	255	255	255	255	255	255	255	255	255	255
255	255	255	255	255	255	255	255	255	255	255	255	255	255	255	255	255	255	255	255	255	255	255	255	255	255	255	255	255	255	255	255
255	255	255	255	255	255	255	255	255	255	255	255	255	255	255	255	255	255	255	255	255	255	255	255	255	255	255	255	255	255	255	255
255	255	255	255	255	255	255	255	255	255	255	255	255	255	255	255	255	255	255	255	255	255	255	255	255	255	255	255	255	255	255	255
255	255	255	255	255	255	255	255	255	255	255	255	255	255	255	255	255	255	255	255	255	255	255	255	255	255	255	255	255	255	255	255
255	255	255	255	255	255	255	255	255	255	255	255	255	255	255	255	255	255	255	255	255	255	255	255	255	255	255	255	255	255	255	255
255	255	255	255	255	255	255	255	255	255	255	255	255	255	255	255	255	255	255	255	255	255	255	255	255	255	255	255	255	255	255	255
255	255	255	255	255	255	255	255	255	255	255	255	255	255	255	255	255	255	255	255	255	255	255	255	255	255	255	255	255	255	255	255
255	255	255	255	255	255	255	255	255	255	255	255	255	255	255	255	255	255	255	255	255	255	255	255	255	255	255	255	255	255	255	255
255	255	255	255	255	255	255	255	255	255	255	255	255	255	255	255	255	255	255	255	255	255	255	255	255	255	255	255	255	255	255	255
255	255	255	255	255	255	255	255	255	255	255	255	255	255	255	255	255	255	255	255	255	255	255	255	255	255	255	255	255	255	255	255
255	255	255	255	255	255	255	255	255	255	255	255	255	255	255	255	255	255	255	255	255	255	255	255	255	255	255	255	255	255	255	255
255	255	255	255	255	255	255	255	255	255	255	255	255	255	255	255	255	255	255	255	255	255	255	255	255	255	255	255	255	255	255	255
255	255	255	255	255	255	255	255	255	255	255	255	255	255	255	255	255	255	255	255	255	255	255	255	255	255	255	255	255	255	255	255
255	255	255	255	255	255	255	255	255	255	255	255	255	255	255	255	255	255	255	255	255	255	255	255	255	255	255	255	255	255	255	255
255	255	255	255	255	255	255	255	255	255	255	255	255	255	255	255	255	255	255	255	255	255	255	255	255	255	255	255	255	255	255	255
255	255	255	255	255	255	255	255	255	255	255	255	255	255	255	255	255	255	255	255	255	255	255	255	255	255	255	255	255	255	255	255
255	255	255	255	255	255	255	255	255	255	255	255	255	255	255	255	255	255	255	255	255	255	255	255	255	255	255	255	255	255	255	255
255	255	255	255	255	255	255	255	255	255	255	255	255	255	59	164	164	255	255	255	255	255	255	255	255	255	255	255	255	255	255	255
255	255	255	255	255	255	164	164	255	255	255	255	255	59	59	59	164	164	255	255	255	255	255	255	255	255	255	255	255	255	255	255
255	255	255	255	255	255	255	164	164	255	255	255	164	164	164	164	164	164	164	164	164	255	255	255	255	255	255	255	255	255	255	255
255	255	255	255	255	255	255	255	164	164	164	164	164	164	164	164	59	164	164	164	0	164	164	255	255	255	255	255	255	255	255	255
255	255	255	255	255	255	255	59	164	164	164	164	164	164	164	59	164	164	164	164	164	164	164	164	255	255	255	255	255	255	255	255
255	255	255	255	255	255	59	164	164	255	255	164	164	164	164	59	164	164	164	164	164	164	164	164	255	255	255	255	255	255	255	255
255	255	255	255	255	255	164	164	255	255	255	255	164	164	164	164	59	59	164	164	164	164	164	255	255	255	255	255	255	255	255	255
255	255	255	255	255	164	255	255	255	255	255	255	255	255	164	164	164	164	164	164	255	255	255	255	255	255	255	255	255	255	255	255
255	255	255	255	255	255	255	255	255	255	255	255	255	255	255	255	255	255	255	255	255	255	255	255	255	255	255	255	255	255	255	255
255	255	255	255	255	255	255	255	255	255	255	255	255	255	255	255	255	255	255	255	255	255	255	255	255	255	255	255	255	255	255	255
255	255	255	255	255	255	255	255	255	255	255	255	255	255	255	255	255	255	255	255	255	255	255	255	255	255	255	255	255	255	255	255;
